entry 0 (256)
@0
	7;0;e01a0.anm
	8;0;0;0
	10;bgm/th20_15
	9;-3096384;-11513776
	3;|35,8,あさまじょうえさん
	3;　　浅間浄穢山の底の底。
@1
	5;6000000
	3;　　霧雨魔理沙は苦しい戦いの末
	3;|132,11,いわながありや
	3;　　不変の女神、磐永阿梨夜を倒した。
@2
	6;6000000
	8;1;0;1
	9;-3092225;-12566464
	3;阿梨夜「その異変石、やっぱり本物だったのね。
@3
	5;6000000
	3;　　　　貴方のお陰で、仕事を休めるわ。ありがとう」
@4
	5;6000000
	9;-2039680;-12566528
	3;魔理沙「まて、幻想郷を元に戻せ」
@5
	5;6000000
	9;-3092225;-12566464
	3;阿梨夜「大丈夫、私が力を抜けば、幻想郷は元に戻るでしょう。
@6
	5;6000000
	3;　　　　ただし……」
@7
	6;6000000
	9;-3092225;-12566464
	3;阿梨夜「外の世界から途方もない量の穢れも流れ込むでしょう。
@8
	5;6000000
	3;　　　　それがどう影響するのかは貴方次第です」
@9
	5;6000000
	9;-2039680;-12566528
	3;魔理沙「なんだって？　私次第って……どういうことだ？」
@10
	5;6000000
	9;-3092225;-12566464
	11
	3;阿梨夜「幻想郷がどう変化するのか、
	3;　　　　自分の目で確かめてみるといいでしょう」
@11
	6;6000000
	8;0;0;2
	10;bgm/th20_14
	9;-3096384;-11513776
	3;　　紅魔館。
@12
	5;6000000
	3;|66,6,ほとり
	3;　　湖の畔にある吸血鬼の館。
@13
	6;6000000
	8;1;0;3
	9;-2043664;-12570528
	3;パチェ「……確かに、その異変石はお嬢様の力が込められている」
@14
	5;6000000
	9;-2039680;-12566528
	3;魔理沙「だろ？」
@15
	5;6000000
	9;-2043664;-12570528
	3;パチェ「しかし、このようなものを作ったって話は聞いていない」
@16
	5;6000000
	9;-2039680;-12566528
	3;魔理沙「だとしたら問題じゃないか？」
@17
	5;6000000
	9;-2043664;-12570528
	3;パチェ「問題ね」
@18
	6;6000000
	9;-2039680;-12566528
	3;魔理沙「誰かが魔力を盗み出したんだ。著作権違反だ」
@19
	5;6000000
	9;-2043664;-12570528
	3;パチェ「いや、問題はそんなことではない」
@20
	5;6000000
	9;-2039680;-12566528
	3;魔理沙「へ？」
@21
	5;6000000
	9;-2043664;-12570528
	3;パチェ「この異変の力を必要とするような何かが起こるという事です」
@22
	5;6000000
	9;-2039680;-12566528
	3;魔理沙「あ、あー」
@23
	6;6000000
	9;-2039680;-12566528
	3;魔理沙「実はもう起こった後なんだ。その石のお陰で解決出来たが」
@24
	5;6000000
	9;-2043664;-12570528
	3;パチェ「……。
@25
	5;6000000
	8;0;0;4
	3;　　　　まったまたー、冗談言っちゃって」
@26
	5;6000000
	9;-2039680;-12566528
	3;魔理沙「いやほんとだ。だが、その石の出処は判らないままでな、
	3;　　　　だからここにやってきたって訳だ」
@27
	6;6000000
	9;-2043664;-12570528
	3;パチェ「……なるほど？　何故私が異変に気付かなかった？」
@28
	5;6000000
	9;-2039680;-12566528
	3;魔理沙「それが異変の本質だったんだ。
@29
	5;6000000
	3;　　　　どうやら、変化を失う異変で、
	3;　　　　異変が起きている事に気づかない事自体が異変で……」
@30
	5;6000000
	9;-2043664;-12570528
	3;パチェ「そんな幻覚みたいな異変、ある？」
@31
	6;6000000
	9;-2039680;-12566528
	3;魔理沙「いやしかし、おかしくなっていたのは事実なんだ。
	3;　　　　私がそれに気づいたのは、その異変石のお陰で」
@32
	5;6000000
	9;-2043664;-12570528
	3;パチェ「なるほど、じゃあ異変石の目的は一つしかない」
@33
	5;6000000
	9;-2039680;-12566528
	3;魔理沙「ほう」
@34
	6;6000000
	9;-2043664;-12570528
	3;パチェ「幻想郷を救う為に作った。作った人も幻想郷の味方。
@35
	5;6000000
	3;　　　　簡単な結論ね」
@36
	5;6000000
	9;-2039680;-12566528
	3;魔理沙「そ、そうか」
@37
	5;6000000
	9;-2043664;-12570528
	3;パチェ「その石、預かってもいい？　研究したいから」
@38
	5;6000000
	9;-2039680;-12566528
	3;魔理沙「やだよ、私が研究するんだ」
@39
	6;6000000
	9;-3096384;-11513776
	3;　　魔理沙は少しだけ異変石を分け、パチュリーと共同で
	3;　　異変石の調査を行う事になった。
@40
	5;6000000
	3;　　未知の研究は魔法使いたちの大好物である。
@41
	5;6000000
	3;　　そこには必ず新しい未来が待っていると信じているからだ。
@42
	6;6000000
	3;　　幻想郷は大きく変わったように見えない。
@43
	5;6000000
	3;　　いや、いつものように変化を拒まない幻想郷に戻ったのだ。
@44
	5;6000000
	3;　　阿梨夜は、これから幻想郷が変化すると言ってた。
@45
	5;6000000
	3;　　それはいつも通りになった、という事に過ぎないのだ。
@46
	6;6000000
	9;-16715680;-16777216
	3;　　Ending　No.09　　魔法使い達の矜持
@47
	5;6000000
	3;　
	3;　　　　　Congratulation！
	3;　　　　　ノーコンティニュークリアおめでとう！
@48
	6;6000000
	11
@108
	14;60
@168
	12;staff.msg
@228
	0
@0
	0
